Leaky ReLU:
Fprop: [ 1.5   -0.036  0.     2.1   -0.05  -0.015]
Bprop: [[ 5.   0.1 -0.1 -5.   0.   0.1]]
ELU:
Fprop: [ 1.5        -0.97267628  0.          2.1        -0.99326205 -0.77686984]
Bprop: [[  5.           0.27323722 -10.          -5.           0.           2.2313016 ]]
SELU:
Fprop: [ 1.57605    -1.71009748  0.          2.20647    -1.74629008 -1.36584307]
Bprop: [[  5.2535       0.48038829 -17.5813631   -5.2535       0.           3.92293236]]
